# oST version 5.0 parameters


[image]

width
640

height
480

[narrow_stereo]

camera matrix
801.311509 0.000000 347.134168
0.000000 807.487111 221.492648
0.000000 0.000000 1.000000

distortion
0.112594 0.004082 -0.012576 0.010297 0.000000

rectification
1.000000 0.000000 0.000000
0.000000 1.000000 0.000000
0.000000 0.000000 1.000000

projection
823.864807 0.000000 349.820515 0.000000
0.000000 829.217468 217.696339 0.000000
0.000000 0.000000 1.000000 0.000000
